iterMax: 1000
errMin: .001
lambda: 0.5
useXY: 0
usePolar: 0
use2Half: 0
translation3D: cTo
rotation3D: cdRc
z_estim: -1
startPos: cMo_lm
endPos: cdMo_lm
cdMo: [0, 0, 1, 0, 0, 0]
cMo_t: [.2, -.3, 3, -.03, .1, 0]
cMo_r: [.01, -.05, .8, .5, -.6, 2.5]
cMo_lm: [0.3, -0.2, 2, 0, 0.785398163397448, 0.7]
cdMo_lm: [0, 0, 1, 0, -0.785398163397448, 0.7]
cMo_180: [0, 0, 0.4, 0, 0, -2.6]
cMo_visi: [0.05, 0.02, 0.7, -0.7, -1, 2.8]
cdMo_visi: [0, 0, 0.5, 0, 0, 0]